0	0	|	0	1	0	1	0.203853693
0	1	|	0	1	0	2	0.2417012925
0	2	|	0	1	0	3	0.8449509916
0	3	|	0	1	1	2	0.257646199
0	4	|	0	1	1	3	0.01791291359
0	5	|	0	1	2	3	0.27691687
1	0	|	0	2	0	1	0.2417012925
1	1	|	0	2	0	2	0.666894106
1	2	|	0	2	0	3	0.8865702492
1	3	|	0	2	1	2	0.3339499646
1	4	|	0	2	1	3	0.605691375
1	5	|	0	2	2	3	0.7045057377
2	0	|	0	3	0	1	0.8449509916
2	1	|	0	3	0	2	0.8865702492
2	2	|	0	3	0	3	0.238398559
2	3	|	0	3	1	2	0.5159450357
2	4	|	0	3	1	3	0.6745411422
2	5	|	0	3	2	3	0.1081634067
3	0	|	1	2	0	1	0.257646199
3	1	|	1	2	0	2	0.3339499646
3	2	|	1	2	0	3	0.5159450357
3	3	|	1	2	1	2	0.390927091
3	4	|	1	2	1	3	0.1010710113
3	5	|	1	2	2	3	0.6424013705
4	0	|	1	3	0	1	0.01791291359
4	1	|	1	3	0	2	0.605691375
4	2	|	1	3	0	3	0.6745411422
4	3	|	1	3	1	2	0.1010710113
4	4	|	1	3	1	3	0.6916914185
4	5	|	1	3	2	3	0.9467511396
5	0	|	2	3	0	1	0.27691687
5	1	|	2	3	0	2	0.7045057377
5	2	|	2	3	0	3	0.1081634067
5	3	|	2	3	1	2	0.6424013705
5	4	|	2	3	1	3	0.9467511396
5	5	|	2	3	2	3	0.6593196945
